2 19 3
2 27 3
1 33 3
2 36 3
1 38 3
2 44 3
2 48 3
1 17 4
1 22 4
2 37 4
2 46 4
1 10 5
1 11 5
1 19 5
1 24 5
1 26 5
2 28 5
1 30 5
1 4 6
1 13 6
1 17 6
2 33 6
1 35 6
2 38 6
2 40 6
3 43 6
1 13 7
1 27 7
1 31 7
3 46 7
1 3 8
1 25 8
1 35 8
1 45 8
1 46 8
1 47 8
1 8 9
1 16 9
1 24 9
1 27 9
2 32 9
2 40 9
1 42 9
1 45 9
1 47 9
2 22 11
2 40 11
2 42 11
2 49 11
1 4 12
1 26 12
1 31 12
1 34 12
1 37 12
1 41 12
1 6 13
1 10 13
2 27 13
1 29 13
1 32 13
2 38 13
2 40 13
2 42 13
1 8 14
1 12 14
1 26 14
1 28 14
2 33 14
1 37 14
1 45 14
2 4 15
2 36 15
1 49 15
1 15 16
2 23 16
3 29 16
1 34 16
1 41 16
2 48 16
1 13 17
2 26 17
3 29 17
1 37 17
2 40 17
1 45 17
1 18 18
1 22 18
2 33 18
2 38 18
1 49 18
1 6 19
1 25 19
1 29 19
1 35 19
1 40 19
2 42 19
3 48 19
1 4 20
1 18 20
1 23 20
1 27 20
2 29 20
1 31 20
1 35 20
1 44 20
2 45 20
2 40 21
1 42 21
1 49 21
3 5 22
3 8 22
1 15 22
1 19 22
2 23 22
2 24 22
2 32 22
2 36 22
1 6 23
1 10 23
1 17 23
2 21 23
2 23 23
2 24 23
1 25 23
1 30 23
1 38 23
1 41 23
2 42 23
1 45 23
3 5 24
1 11 24
3 14 24
2 44 24
2 4 25
1 10 25
3 17 25
3 22 25
1 26 25
2 37 25
1 40 25
1 46 25
1 49 25
3 3 26
2 9 26
2 11 26
3 15 26
2 18 26
3 29 26
2 45 26
3 10 27
1 13 27
2 38 27
2 40 27
3 5 28
1 12 28
1 13 28
3 19 28
3 21 28
3 23 28
1 41 28
3 11 29
2 24 29
3 30 29
3 33 29
1 36 29
2 42 29
2 48 29
2 20 30
1 26 30
1 27 30
1 28 30
1 44 30
3 6 31
3 41 32
1 49 32
3 5 33
3 13 33
3 17 33
3 21 33
3 25 33
3 36 33
1 38 33
3 43 33
3 47 33
3 49 33
3 7 34
3 23 34
3 27 34
3 40 34
3 48 34
3 4 35
3 13 35
3 17 35
3 34 35
3 36 35
1 40 35
1 44 35
1 48 35
2 26 36
2 27 36
3 46 36
1 47 36
1 48 36
3 6 37
2 20 37
2 21 37
2 23 37
2 24 37
3 32 37
1 35 37
1 37 37
3 40 37
3 41 37
3 42 37
3 43 37
3 44 37
3 47 37
1 11 38
2 16 38
1 44 38
3 46 38
1 9 39
3 12 39
3 27 39
1 36 39
3 38 39
1 44 39
3 47 39
2 4 40
2 14 40
3 20 40
3 31 40
1 37 40
1 44 40
3 46 40
2 17 41
3 24 41
3 28 41
3 35 41
3 42 41
3 43 41
1 38 42
1 40 42
3 41 42
1 46 42
3 17 43
1 22 43
3 36 43
1 40 43
1 46 43
3 48 43
3 26 44
3 35 44
3 37 44
1 40 44
3 42 44
1 10 45
3 11 45
2 13 45
3 16 45
3 18 45
1 30 45
3 41 45
3 44 45
3 49 45
2 13 46
3 22 46
1 24 46
3 28 46
3 32 46
3 40 46
3 3 47
2 13 47
3 16 47
3 20 47
3 27 47
1 32 47
2 35 47
3 37 47
3 45 47
2 13 48
1 26 48
1 32 48
3 41 48
1 49 48
2 13 49
3 16 49
3 18 49
1 21 49
1 24 49
3 25 49
3 35 49
2 37 49
3 43 49
1 48 49
1 49 49
