0 49 6 2 1
0 9 28 2 1
0 5 41 2 1
0 5 42 2 1
0 5 43 2 1
0 5 44 2 1
0 5 45 2 1
0 5 46 2 1
0 5 47 2 1
1 31 1 1 1
1 49 2 1 1
1 47 3 1 1
1 22 4 1 1
1 46 4 1 1
1 48 4 1 1
1 21 5 1 1
1 23 5 1 1
1 47 5 1 1
1 22 6 1 1
1 30 9 1 1
1 32 9 1 1
1 21 10 1 1
1 22 10 1 1
1 23 10 1 1
1 24 10 1 1
1 21 12 1 1
1 22 12 1 1
1 23 12 1 1
1 24 12 1 1
1 30 12 1 1
1 32 12 1 1
1 22 14 1 1
1 43 14 1 1
1 21 15 1 1
1 43 15 1 1
1 46 16 1 1
1 38 17 1 1
1 37 18 1 1
1 46 18 1 1
1 4 20 1 1
1 3 21 1 1
1 32 21 1 1
1 33 21 1 1
1 34 21 1 1
1 35 21 1 1
1 31 22 1 1
1 36 22 1 1
1 31 23 1 1
1 36 23 1 1
1 31 24 1 1
1 36 24 1 1
1 31 25 1 1
1 36 25 1 1
1 14 26 1 1
1 32 26 1 1
1 33 26 1 1
1 34 26 1 1
1 35 26 1 1
1 13 27 1 1
1 15 27 1 1
1 38 27 1 1
1 14 28 1 1
1 37 28 1 1
1 40 28 1 1
1 42 28 1 1
1 29 30 1 1
1 30 30 1 1
1 28 31 1 1
1 31 31 1 1
1 28 32 1 1
1 31 32 1 1
1 42 32 1 1
1 28 33 1 1
1 31 33 1 1
1 37 33 1 1
1 41 33 1 1
1 43 33 1 1
1 28 34 1 1
1 31 34 1 1
1 38 34 1 1
1 42 34 1 1
1 22 35 1 1
1 25 35 1 1
1 28 35 1 1
1 31 35 1 1
1 28 36 1 1
1 31 36 1 1
1 22 37 1 1
1 25 37 1 1
1 29 37 1 1
1 30 37 1 1
1 41 38 1 1
1 7 39 1 1
1 8 39 1 1
1 9 39 1 1
1 40 39 1 1
1 48 39 1 1
1 47 40 1 1
1 28 43 1 1
1 10 44 1 1
1 11 44 1 1
1 12 45 1 1
1 9 46 1 1
1 12 46 1 1
1 30 46 1 1
1 10 47 1 1
1 11 47 1 1
1 31 47 1 1
1 50 48 1 1
2 39 1 1 1
2 20 4 1 1
2 39 10 1 1
2 20 11 1 1
2 39 21 1 1
2 51 30 1 1
2 39 31 1 1
2 19 47 1 1
3 22 1 1 1
3 42 1 1 1
3 50 10 1 1
3 31 15 1 1
3 29 20 1 1
3 13 24 1 1
3 21 30 1 1
3 47 33 1 1
3 38 36 1 1
4 25 1 1 2
4 42 2 1 2
4 25 3 1 2
4 42 4 1 2
4 44 9 1 2
4 21 17 1 2
4 13 20 1 2
4 13 22 1 2
4 15 31 1 2
4 15 33 1 2
4 34 34 1 2
4 34 36 1 2
4 25 40 1 2
4 23 42 1 2
4 21 43 1 2
4 14 44 1 2
4 42 44 1 2
4 44 45 1 2
4 14 46 1 2
4 46 46 1 2
5 30 1 1 1
5 50 2 1 1
5 47 4 1 1
5 22 5 1 1
5 50 5 1 1
5 50 7 1 1
5 14 8 1 1
5 31 9 1 1
5 31 12 1 1
5 31 14 1 1
5 46 17 1 1
5 38 18 1 1
5 3 20 1 1
5 32 22 1 1
5 33 22 1 1
5 34 22 1 1
5 35 22 1 1
5 32 23 1 1
5 33 23 1 1
5 34 23 1 1
5 35 23 1 1
5 32 24 1 1
5 33 24 1 1
5 34 24 1 1
5 35 24 1 1
5 32 25 1 1
5 33 25 1 1
5 34 25 1 1
5 35 25 1 1
5 14 27 1 1
5 38 28 1 1
5 41 28 1 1
5 22 30 1 1
5 23 30 1 1
5 24 30 1 1
5 29 31 1 1
5 30 31 1 1
5 29 32 1 1
5 30 32 1 1
5 29 33 1 1
5 30 33 1 1
5 38 33 1 1
5 42 33 1 1
5 29 34 1 1
5 30 34 1 1
5 29 35 1 1
5 30 35 1 1
5 36 35 1 1
5 22 36 1 1
5 25 36 1 1
5 29 36 1 1
5 30 36 1 1
5 7 38 1 1
5 8 38 1 1
5 9 38 1 1
5 35 38 1 1
5 48 40 1 1
5 10 45 1 1
5 11 45 1 1
5 10 46 1 1
5 11 46 1 1
5 31 46 1 1
6 28 2 1 1
6 45 3 1 1
6 11 32 1 1
6 38 35 1 1
6 29 40 1 1
6 18 46 1 1
7 50 3 1 2
7 30 6 1 2
7 18 30 1 2
7 3 36 1 2
7 9 41 1 2
7 10 41 1 2
7 11 41 1 2
7 12 41 1 2
7 13 41 1 2
7 14 41 1 2
7 15 41 1 2
7 34 43 1 2
7 35 43 1 2
7 37 43 1 2
7 38 43 1 2